
All pitches: 328313 swings with bat tracking and approach angle; VBA median 15.6, 1st to 99th pct -15 to 45 degrees
   VBA bin   swings   whiff  whiff vs own  squared up  sq vs own  xwOBAcon  xw vs own
  -15--12      1541   0.262        +0.016       0.548     -0.108     0.169     -0.185
  -12--9       2719   0.279        +0.035       0.554     -0.099     0.196     -0.159
   -9--6       4622   0.257        +0.014       0.590     -0.062     0.219     -0.137
   -6--3       7215   0.251        +0.006       0.627     -0.027     0.268     -0.087
   -3-0       11059   0.241        -0.003       0.630     -0.026     0.306     -0.048
    0-3       16147   0.235        -0.012       0.652     -0.002     0.331     -0.025
    3-6       21724   0.219        -0.030       0.665     +0.008     0.339     -0.019
    6-9       26894   0.201        -0.049       0.677     +0.018     0.349     -0.010
    9-12      30602   0.187        -0.066       0.689     +0.030     0.360     -0.001
   12-15      32379   0.170        -0.085       0.699     +0.038     0.379     +0.015
   15-18      32416   0.158        -0.098       0.701     +0.039     0.388     +0.021
   18-21      30269   0.163        -0.095       0.685     +0.022     0.393     +0.024
   21-24      26715   0.196        -0.064       0.657     -0.008     0.397     +0.024
   24-27      23043   0.260        -0.004       0.620     -0.046     0.381     +0.005
   27-30      19066   0.362        +0.095       0.552     -0.114     0.364     -0.014
   30-33      14561   0.471        +0.201       0.484     -0.184     0.329     -0.053
   33-36      10587   0.596        +0.322       0.419     -0.247     0.328     -0.052
   36-39       6982   0.680        +0.402       0.376     -0.289     0.287     -0.097
   39-42       3904   0.757        +0.474       0.356     -0.315     0.245     -0.131
   42-45       1985   0.809        +0.525       0.575     -0.096     0.344     -0.038

Fastball: 180750 swings with bat tracking and approach angle; VBA median 10.6, 1st to 99th pct -18 to 36 degrees
   VBA bin   swings   whiff  whiff vs own  squared up  sq vs own  xwOBAcon  xw vs own
  -18--15       791   0.282        +0.093       0.496     -0.193     0.156     -0.206
  -15--12      1376   0.259        +0.071       0.539     -0.137     0.163     -0.194
  -12--9       2400   0.279        +0.090       0.555     -0.124     0.195     -0.170
   -9--6       4071   0.255        +0.064       0.597     -0.085     0.218     -0.146
   -6--3       6290   0.252        +0.060       0.626     -0.055     0.274     -0.091
   -3-0        9546   0.245        +0.053       0.618     -0.064     0.309     -0.055
    0-3       13607   0.240        +0.046       0.650     -0.032     0.339     -0.026
    3-6       17724   0.226        +0.029       0.661     -0.022     0.345     -0.024
    6-9       21033   0.210        +0.012       0.674     -0.009     0.356     -0.015
    9-12      22466   0.196        -0.007       0.686     +0.002     0.367     -0.007
   12-15      21670   0.181        -0.023       0.699     +0.013     0.391     +0.015
   15-18      19160   0.161        -0.044       0.716     +0.029     0.406     +0.025
   18-21      14692   0.149        -0.058       0.721     +0.030     0.415     +0.031
   21-24      10238   0.144        -0.064       0.719     +0.028     0.436     +0.047
   24-27       6475   0.157        -0.053       0.701     +0.009     0.436     +0.041
   27-30       3939   0.191        -0.020       0.673     -0.016     0.402     +0.010
   30-33       2155   0.236        +0.022       0.624     -0.056     0.381     -0.016
   33-36       1013   0.351        +0.140       0.522     -0.176     0.392     -0.010

Breaking: 98834 swings with bat tracking and approach angle; VBA median 22.7, 1st to 99th pct -9 to 48 degrees
   VBA bin   swings   whiff  whiff vs own  squared up  sq vs own  xwOBAcon  xw vs own
   -9--6        415   0.272        -0.034       0.532     -0.111     0.215     -0.135
   -6--3        686   0.243        -0.072       0.649     +0.002     0.238     -0.115
   -3-0        1106   0.237        -0.063       0.674     +0.035     0.293     -0.061
    0-3        1799   0.225        -0.084       0.633     -0.005     0.307     -0.042
    3-6        2829   0.201        -0.105       0.668     +0.030     0.320     -0.030
    6-9        3953   0.186        -0.123       0.669     +0.032     0.324     -0.021
    9-12       5637   0.177        -0.134       0.697     +0.056     0.350     +0.000
   12-15       7333   0.161        -0.154       0.702     +0.061     0.358     +0.004
   15-18       8850   0.160        -0.157       0.703     +0.060     0.372     +0.015
   18-21      10240   0.184        -0.137       0.673     +0.029     0.381     +0.023
   21-24      10750   0.228        -0.100       0.640     -0.006     0.382     +0.022
   24-27      10816   0.300        -0.034       0.613     -0.037     0.361     -0.002
   27-30       9819   0.405        +0.066       0.529     -0.116     0.360     -0.007
   30-33       8194   0.503        +0.158       0.484     -0.165     0.333     -0.036
   33-36       6389   0.611        +0.263       0.425     -0.232     0.331     -0.037
   36-39       4447   0.692        +0.337       0.358     -0.294     0.269     -0.102
   39-42       2599   0.769        +0.407       0.289     -0.363     0.231     -0.143
   42-45       1323   0.821        +0.452       0.489     -0.161     0.272     -0.090
   45-48        629   0.847        +0.486       0.429     -0.261     0.399     +0.013

Offspeed: 47890 swings with bat tracking and approach angle; VBA median 23.0, 1st to 99th pct -6 to 45 degrees
   VBA bin   swings   whiff  whiff vs own  squared up  sq vs own  xwOBAcon  xw vs own
   -3-0         396   0.162        -0.133       0.720     +0.125     0.285     -0.031
    0-3         730   0.168        -0.122       0.721     +0.114     0.279     -0.056
    3-6        1153   0.155        -0.136       0.697     +0.094     0.311     -0.015
    6-9        1873   0.135        -0.158       0.711     +0.125     0.341     +0.013
    9-12       2463   0.131        -0.168       0.689     +0.101     0.333     -0.002
   12-15       3330   0.121        -0.180       0.688     +0.099     0.357     +0.024
   15-18       4344   0.140        -0.164       0.638     +0.051     0.348     +0.016
   18-21       5261   0.166        -0.145       0.610     +0.011     0.358     +0.013
   21-24       5632   0.233        -0.084       0.563     -0.031     0.348     +0.001
   24-27       5659   0.304        -0.029       0.518     -0.072     0.349     +0.006
   27-30       5233   0.413        +0.076       0.456     -0.147     0.330     -0.014
   30-33       4139   0.536        +0.198       0.347     -0.249     0.271     -0.076
   33-36       3127   0.653        +0.301       0.279     -0.333     0.260     -0.091
   36-39       2036   0.722        +0.365       0.245     -0.354     0.295     -0.048
   39-42       1066   0.807        +0.443       0.167     -0.436     0.214     -0.138
   42-45        562   0.843        +0.478       0.500     -0.190     0.373     +0.050
